time,x,y,z,phi,theta,psi,x_velocity,y_velocity,z_velocity,phi_velocity,theta_velocity,psi_velocity,rotor_speed1,rotor_speed2,rotor_speed3,rotor_speed4
0.06,-7.063088573397718e-08,-2.1385120080444457e-08,10.000812332252968,6.283152161980809,9.053390815871865e-05,0.0,-6.628105204545983e-06,-2.2029288601088266e-06,0.027077180609478717,-0.0016808975238776598,0.004367923301710344,0.0,413.34832777968313,413.73297478362736,412.7665810026811,412.6182549312012
0.12000000000000001,-3.239105762534285e-06,7.97144294035239e-07,10.003421695167157,0.0011724395559253864,0.000553048177504678,0.0,-0.0001330048009727665,9.725252963174938e-05,0.05990005320237651,0.045269978511223816,0.013669072261372268,0.0,415.77467482476635,416.5885160204279,411.82854974366717,415.96001607448693
0.18,-2.640264792136394e-05,4.2707568467900224e-05,10.01094272560595,0.0036220270327484982,0.0010169763140783772,0.0,-0.0007117414835380464,0.0015771162271086497,0.19078674089634312,0.02999868680107421,-0.008086425271201224,0.0,447.8099570931461,446.03701657302145,446.9032006279642,445.6577806975325
0.23999999999999996,-8.502054216385673e-05,0.00020547609757626807,10.02197861287531,0.005231240535976234,0.0003106372592389661,0.0,-0.0011925273432336454,0.003994460558827021,0.17707798385996482,0.019555520830901993,-0.02040937064578205,0.0,399.9018605050408,398.7780786688218,399.6175671936657,398.66490951808765
0.3,-0.0001590225121970033,0.0005767477539536916,10.038974611833327,0.0068862779716578615,6.282609238875221,0.0,-0.001151177872390342,0.008552960021730333,0.3894054584297936,0.04011610730041173,-0.005395433588059209,0.0,470.87631227997616,472.0362511739034,470.25383667490894,471.84367419182274
0.36000000000000004,-0.0002141553396700672,0.0012502850511200896,10.066443188508478,0.009883648199955353,6.282062160720061,0.0,-0.0006412228120157075,0.014193614560712586,0.5261577728370078,0.06462504375609052,-0.01785724520695987,0.0,449.57203110386246,448.56144437452787,447.12932065483494,449.12271316344163
0.4200000000000001,-0.00022094103842311088,0.0023569753376600135,10.104423933870805,0.013582316654801474,6.281106885668976,0.0,0.0005349978034015503,0.023145892066000526,0.7397477069230876,0.05489776061149209,-0.0123062158739941,0.0,472.29982417673483,472.7278034396976,471.66058267551944,470.9113209018891
0.48000000000000015,-0.0001443855008704218,0.0040301211928778875,10.151188334386923,0.01688243199101791,6.280258127423966,0.0,0.0020949752817001847,0.03295101785514334,0.8190066614926195,0.055209353542367605,-0.01810561331273869,0.0,430.55347598661706,430.0627079251897,431.413781338843,431.44221797971034
0.5400000000000001,5.119660903223534e-05,0.006398837614711828,10.20503588193931,0.02048802446128395,6.279268537857783,0.0,0.004538468202613346,0.04638751659452655,0.9757829995018414,0.06840583941274073,-0.013449110243071737,0.0,455.0754143324125,455.4480365097957,454.8019572550792,455.85996824367925
0.6000000000000002,0.00040598081114446026,0.009613991611801475,10.266184226208308,0.02555428409307403,6.2783160910842,0.0,0.007374861350609224,0.06125247142141206,1.0624070961296186,0.10520255661560855,-0.02122812185344919,0.0,433.7418750955846,433.0882399587722,432.36750310551827,435.461719861927
0.6600000000000003,0.0009448829989031601,0.013793279905908784,10.331134747186942,0.0315174006965373,6.276898002322696,0.0,0.010713289325596929,0.07863110470914073,1.1025549195329307,0.08402409957870731,-0.02894363476255503,0.0,419.33982938249665,418.66903791181176,419.3536024450667,417.5190898466309
0.7200000000000003,0.0017359700995817665,0.019241219945254972,10.402125717417746,0.03639172668910717,6.2746255642201785,0.0,0.015862797515889007,0.10351248704667851,1.2636254656518187,0.07499207057309021,-0.06929685538261104,0.0,458.7992350058747,455.58340127310674,457.6051841608625,456.8908339593435
0.7800000000000004,0.00289954323670808,0.026298034309776435,10.483009434289155,0.040778447117670424,6.270763395826194,0.0,0.023369538042875726,0.1322053703764234,1.4322771267198613,0.06906092741392059,-0.055993766631713265,0.0,459.85778528624314,460.90730315086284,459.70081159823525,459.2345868118891
0.8400000000000004,0.0045555358895781085,0.035038228016140906,10.570723201357598,0.04513802858387628,6.26712996898487,0.0,0.03216299825381068,0.1595391560839648,1.4914156534410559,0.07902600314323027,-0.07174706931035256,0.0,426.5755236384062,425.22540033913964,425.7054644740621,426.56153133051095
0.9000000000000005,0.0068349699135742195,0.045565913329606834,10.663297420210794,0.05018551995447584,6.263169350441817,0.0,0.044237442658246084,0.19187892984119423,1.5942196298712918,0.09274756944188,-0.0564834002020829,0.0,439.78736710145967,441.0463354841715,439.56697758938833,440.7083046134467
0.9600000000000005,0.009863956635448878,0.058007052528610804,10.759415940687635,0.05560547005248928,6.259620878942396,0.0,0.057038490875991776,0.2233149959721981,1.60967350941511,0.08500672529779507,-0.06506843931674328,0.0,413.2456612488772,412.48549170979936,411.726637419557,411.04879243329145
1.0200000000000005,0.013923623812842584,0.0728884531282605,10.864540544359338,0.06068836087418461,6.2558345144606555,0.0,0.07877062880463634,0.27336318817326516,1.8939960821656354,0.08412499780511118,-0.05944647057303162,0.0,494.8956235155741,495.3067651329863,494.6677468974405,494.6079077484282
1.0800000000000005,0.019158325429089438,0.09040703867620643,10.97863630051712,0.06597902680472068,6.252261116213106,0.0,0.09603834065660113,0.31104862192322424,1.9091261814954543,0.09524726969123304,-0.0597777881369796,0.0,413.2067203937472,413.17472288756164,412.81196724524267,413.79923033085805
1.1400000000000006,0.025522915726241487,0.11034523533896173,11.094543486641758,0.07137254834694229,6.248377277595647,0.0,0.11646091664447404,0.3540735676987405,1.9543152413923923,0.07615187317425498,-0.07714376456080614,0.0,424.6558031145956,423.16017726669605,423.78979368416674,422.15241688965494
1.2000000000000006,0.03318593544655273,0.1329537327470791,11.213026130189558,0.07602528667919195,6.243738133722996,0.0,0.1394030505251956,0.3999630172551079,1.9949792654190255,0.08019530342737069,-0.0776717765897415,0.0,422.12230018786005,422.0716424232286,422.2083878329094,422.56219567233626
1.2600000000000007,0.04245045392816921,0.15866511901527008,11.337326611821195,0.08136888282233024,6.238973660535235,0.0,0.16992098876469022,0.45761789223129085,2.1480153348119164,0.1025969779350747,-0.0831257549525439,0.0,458.04746142043257,457.60867544469966,457.6580794569165,459.4436992314358
1.3200000000000007,0.05371184759338421,0.18806548915280497,11.472079526222581,0.08810198838622352,6.2336152629605905,0.0,0.20603757132292222,0.5231086557532953,2.3432577586948367,0.12663274376809075,-0.10602868883518418,0.0,472.2325172028938,470.4561693693104,471.01939560689567,472.8845509363573
1.3800000000000008,0.06719325149086468,0.2214180658439377,11.616971310450747,0.09554279999178483,6.227318830750349,0.0,0.24401363444403132,0.5894220925455703,2.4860340954587845,0.11818625377631192,-0.10285020646401122,0.0,457.09074963089694,457.33468809024333,456.8816157793514,456.2211888709645
1.4400000000000008,0.08314377103781855,0.25899867693844963,11.77132774865165,0.10278866580749302,6.220690948141236,0.0,0.2883614860204069,0.6640232100751671,2.658641992057676,0.12547349123045312,-0.13350712691517075,0.0,467.91696004019474,465.51349599103406,466.69772988492196,467.2785078649609
1.5000000000000009,0.10159446922003547,0.30070096130275836,11.931045574636851,0.11042055984903865,6.2132405216439,0.0,0.3273391785461089,0.7267053940002407,2.665125370924197,0.1304388051694179,-0.11009207077230372,0.0,414.3209535811793,416.35890294259036,414.7439391416277,415.19580829686896
1.560000000000001,0.12288793889235237,0.3468859823059773,12.096351927285482,0.11852981442807486,6.206655291179814,0.0,0.3831621705655986,0.8136352984071484,2.8444518325151913,0.14321536874166046,-0.1090864019671875,0.0,469.7948399607698,469.86288516991533,470.49319656878146,471.4969530771656
1.620000000000001,0.14759203179092834,0.39833525525636926,12.27122663911122,0.12800287387516196,6.199659765870166,0.0,0.441000814133889,0.9022599624518612,2.9841166136806763,0.17743482743215358,-0.13908184452665892,0.0,460.73827765218897,458.3482928237513,458.5794719642009,461.3113930105223
1.680000000000001,0.1759567884413184,0.4553570937471286,12.45478117684545,0.13879304814046023,6.191306539839701,0.0,0.5053689668059971,0.9995586213070062,3.1336623667684784,0.18424565080334013,-0.13949874273241333,0.0,464.5270635543295,464.47729651796317,463.33685087954575,463.9017229128962
1.740000000000001,0.2082563720037183,0.5182830482604257,12.646058221023893,0.15004889500790863,6.18285779598849,0.0,0.5721209952859024,1.0990476024205182,3.241607375930608,0.19356715001385527,-0.1435750148864067,0.0,452.9655613023957,452.61956521518164,452.27515712118065,453.0586951073249
1.8000000000000012,0.24500216908109462,0.5877993276705314,12.846294709435965,0.16150936086081824,6.174186364780734,0.0,0.6536752404145371,1.2193621251407711,3.4319661717479617,0.18533275693628432,-0.1464900265099641,0.0,479.08309829795394,478.84352393633566,479.7161493224554,479.12302116880306
1.8600000000000012,0.2866004823054366,0.6644341597588744,13.055703237436571,0.17318261423309433,6.165301450843295,0.0,0.7338116964780999,1.3362147152014003,3.5475405795234947,0.20849951668297212,-0.15146808219657887,0.0,459.0826251494523,458.66759576742623,457.22549210814054,459.1026339327762
1.9200000000000013,0.3325636673429978,0.7474032026306554,13.266784631745711,0.18581097443649597,6.155994022876211,0.0,0.7990308429170817,1.4303872269786437,3.488316576626769,0.2141464983998272,-0.16366420160738665,0.0,402.5351933247162,401.40418226376704,402.3100903040172,402.8697233108767
1.9800000000000013,0.38331688822195,0.837263143146479,13.479752279558792,0.1984503642445281,6.145836868435083,0.0,0.893730862218911,1.5661346108377467,3.609664492130954,0.2025742599316452,-0.1839339109806811,0.0,463.96584479431607,462.3449680628629,462.58070910377756,461.71023281885607
2.0400000000000014,0.4395752822864435,0.9349544183213278,13.69711817705067,0.21028002663298828,6.134605580114563,0.0,0.9825396556057044,1.691230062331244,3.635247810586263,0.18324127113075148,-0.1946405782833209,0.0,434.8680773956642,433.93514506872214,434.3197289580278,432.73383039615806
2.1000000000000014,0.50150101137982,1.040529486944599,13.916759648507206,0.2214231402766229,6.1226276820595,0.0,1.0827301069013193,1.8288412976458706,3.685377124085786,0.19025579885660693,-0.21214828340285682,0.0,444.3519326545139,442.8747197896648,442.98706198788045,443.5970277722779
2.1600000000000015,0.5694246088683965,1.1542233391838803,14.137838093524909,0.23269904788952722,6.109579670155934,0.0,1.182492899462113,1.9618167896227272,3.683292982957996,0.18283240457539024,-0.23106151060187918,0.0,428.82965183315974,427.17056481119937,427.90275045999107,427.3060929624558
2.2200000000000015,0.6435878425451361,1.276098812044628,14.358801624026134,0.2439245752417838,6.095122827316924,0.0,1.2908074072572056,2.1015164934871535,3.68148088567762,0.19447060246884512,-0.28398375755323846,0.0,431.09288393121636,426.5320987005798,429.36990348819455,430.39133847121883
2.2800000000000016,0.7251015880995372,1.4072657569903115,14.582467949744498,0.2551341298562475,6.078037206602945,0.0,1.4279545537011311,2.271587417698978,3.7728159363327896,0.16365494179004264,-0.2863565678507605,0.0,460.78497123404355,460.51821235176305,463.9639805137923,461.5695990364627
2.3400000000000016,0.8159197436911291,1.5496931013908635,14.814772470138436,0.2648303290291931,6.060517913207299,0.0,1.601145659334691,2.4766684819393947,3.9688532010909565,0.1571536627418198,-0.3066490519852148,0.0,498.1866959920296,496.623153573623,496.1143400596896,495.65857814606125
2.4000000000000017,0.9169103698123267,1.7038737834334168,15.055971117451525,0.27379407393474775,6.0426634856076085,0.0,1.7669199243827303,2.6632391066371373,4.069633289183045,0.1256177838101245,-0.28380950729752663,0.0,470.3483560574199,472.0287352223941,472.395355642055,469.97596932574146
2.4600000000000017,1.0279829168234331,1.869126910821486,15.302154485841148,0.2811414938206953,6.025367308031061,0.0,1.9370278768477713,2.845533712671975,4.135182404929758,0.11524582090890735,-0.29911725366072967,0.0,464.0205999547362,462.7360612029449,463.03991785238213,462.23602093439666
2.520000000000002,1.1496763424172847,2.045483375739816,15.552367820178931,0.2879636399941532,6.0071739771485735,0.0,2.121016738930736,3.0332415358514484,4.203848497908883,0.11042494202705823,-0.31301807946169946,0.0,467.6141186826174,466.44058491381804,466.99406256693993,466.6286431354086
2.580000000000002,1.2819130484158145,2.2323259651607117,15.80366537038623,0.2942894603661843,5.988413405480106,0.0,2.2883591173397813,3.1950497785245093,4.1717962686374435,0.09288814304646349,-0.31200284054979593,0.0,437.256767722193,437.2397354886016,435.9704227604334,434.5122832480871
2.640000000000002,1.4253017844935965,2.4296801345432546,16.05537979243857,0.3000499054819965,5.969529221857872,0.0,2.49283626638855,3.3834522978911385,4.217236625167534,0.10160793766198627,-0.32083800515848476,0.0,464.40702791777375,463.6165338025487,465.24884147409847,465.93852412692854
2.700000000000002,1.5798948931329253,2.637095851961834,16.30550167786094,0.3060613516227759,5.949813552152431,0.0,2.6616678133961615,3.530548243254357,4.119453843524364,0.09719663400969375,-0.3522919280690353,0.0,419.9962618536643,417.1382366282157,417.8875107694145,417.5120853948308
2.760000000000002,1.7450479904779443,2.8534808019738995,16.549982617691736,0.3113658954745233,5.928593646613702,0.0,2.8449596091455813,3.6823369481743877,4.029040875847855,0.05813801572570835,-0.35655408443264414,0.0,423.89628204098346,423.39411412432173,423.5394885265331,420.1724915007242
2.820000000000002,1.9220361406080246,3.07940240042262,16.790209925722152,0.3146613880685729,5.907356313334315,0.0,3.056209838401452,3.848163435865787,3.9774092840295334,0.04757084031057087,-0.3492215541657302,0.0,439.3753158294642,439.852320924233,438.91593471071354,438.0399392882118
2.880000000000002,2.11176032790956,3.3150296691994923,17.026515018142227,0.31788215568107336,5.886094092102736,0.0,3.2694043886459854,4.0058337080006305,3.8984070024763247,0.06371944670150717,-0.3673777206248074,0.0,432.5898866744386,430.9236041982007,431.2431397489858,432.6072654143314
2.940000000000002,2.3159679417241326,3.5610961908694927,17.260979291288606,0.3215227960086873,5.863673051588279,0.0,3.539141023549668,4.195975567393323,3.9152397146151694,0.053771353471993605,-0.39082859485004484,0.0,469.35879637792726,467.39693189672585,469.2858939710696,468.5153170073845
3.000000000000002,2.535276124343447,3.817486841095783,17.493099428610776,0.3249564481712426,5.840263642877609,0.0,3.772679626124159,4.350054556957201,3.820881288558058,0.06336952452036715,-0.3888503335732409,0.0,432.225620359263,432.2299033584662,433.5803216872983,434.38844494027353
3.0600000000000023,2.770914029564404,4.084396904585863,17.723275960935684,0.3286362791402144,5.8168180391318245,0.0,4.083509722227091,4.546370338717714,3.8494249332314086,0.05690632260008412,-0.39486764259273255,0.0,480.7017987209247,480.09964525592324,480.71775291827373,480.2300260782657
3.1200000000000023,3.022828312575772,4.361253083257902,17.9497034006653,0.3319002585476909,5.792977378716678,0.0,4.315044442814996,4.681844448627577,3.6971272903339356,0.04884720240743576,-0.40280435035981604,0.0,419.631828105543,418.76760542925103,419.2279042385657,418.52903473911357
3.1800000000000024,3.2913327882390355,4.647627451165138,18.171011666029695,0.334903215166789,5.768853318464384,0.0,4.6365498236092515,4.863264826759078,3.6776316872789327,0.05235034352302569,-0.40063844830748463,0.0,471.9808369995086,471.9905490620835,472.2118199528996,472.48344483617325
3.2400000000000024,3.5776988412640844,4.943756274817273,18.387874426926263,0.33767506329634855,5.745661025533687,0.0,4.910256653839235,5.007185054963729,3.549693713373892,0.029573010350249167,-0.3675411603550172,0.0,436.66495769351684,439.25866234149174,436.58302950246383,434.6791590398176
3.3000000000000025,3.8805138471345826,5.248290180301531,18.59643729249734,0.3394072798746146,5.723481190772226,0.0,5.184687279639505,5.143368502950526,3.4011379791388143,0.02742665697047723,-0.37427260903739373,0.0,432.8364500887428,432.123909898114,432.18020871447675,431.99947639038373
3.3600000000000025,4.2005438698454,5.561153641630605,18.796615314905292,0.3409886673116054,5.701638672300508,0.0,5.483998120604167,5.284729246300384,3.269951819287464,0.024125561669808743,-0.3489696363273447,0.0,440.6565726414424,442.6050523929159,444.11363479520736,443.84286335700995
3.4200000000000026,4.539885514768438,5.882945886341836,18.99026865503865,0.34332734461195624,5.681052720474936,0.0,5.828163533338362,5.440873554612437,3.1832169461626973,0.05871015402899957,-0.3334073851848954,0.0,463.73957250458943,464.84485770668607,463.08322238034924,465.79704272531825
3.4800000000000026,4.896504311405867,6.212241500182191,19.173543129667987,0.3466348113872515,5.661545120680195,0.0,6.059975147680042,5.535341991275693,2.9253439267200427,0.046767728160271,-0.3123130931754645,0.0,397.78933536220546,399.59471847491733,397.0828332915461,395.98779888909496
3.5400000000000027,5.2695681311809635,6.548258891499532,19.34432116184685,0.34921237724939846,5.642925512136269,0.0,6.376020874422049,5.664611070217613,2.7658208578330923,0.033983264965155656,-0.30663322886216926,0.0,441.9977142062483,442.3668425711613,443.53127025818185,442.48074344924646
3.6000000000000028,5.663675236300459,6.892805232358089,19.50771703406101,0.3521517624413457,5.624319183828501,0.0,6.761129504104044,5.819383781830665,2.6785494264632415,0.06885934577610048,-0.3181311404593965,0.0,476.63875624155816,475.66751986436907,474.6082195543372,477.2793740586907
3.660000000000003,6.076150974992645,7.244346848139973,19.6596760945223,0.3564607942687781,5.6049961515126085,0.0,6.988738088813181,5.898377645789633,2.3862395825529092,0.07715618481969289,-0.3313127281320624,0.0,393.4926957652072,392.1483721484737,391.9709104514001,392.7461875844025
3.720000000000003,6.504063391140672,7.601276727508421,19.795886529863544,0.36142563808296657,5.585608455189927,0.0,7.275447062590485,5.998805426133555,2.1529204280266243,0.09206991802909884,-0.31043187712806997,0.0,422.019838507893,423.7055469527545,421.4454032571023,422.7387945646245
3.780000000000003,6.949686387187869,7.964318440662535,19.918335237666618,0.3669660250892388,5.56697510457653,0.0,7.578902743067868,6.102089265945899,1.927382409605082,0.09287373663141894,-0.31080426506472414,0.0,429.8682262797557,429.7345864300314,429.70182455170607,429.7774858497926
3.840000000000003,7.414027901919619,8.333646513423497,20.027480485002144,0.3729951770116333,5.5486289785129514,0.0,7.89924262256911,6.2082913661404415,1.7093047998405193,0.11249230181923314,-0.2972521634642211,0.0,437.1125743173497,438.14371069338836,436.3180982331268,437.9621950306077
3.900000000000003,7.897946280724714,8.70937722182206,20.123596325171036,0.3793208036439957,5.530325976715764,0.0,8.23129398607248,6.315496764117214,1.4929587015718948,0.08502468925417962,-0.32897659262442314,0.0,443.8623200577973,441.1526451501629,444.3249750724566,442.07598489343115
3.960000000000003,8.401799512168157,9.09142253808274,20.206428664326026,0.38448035522591617,5.510610865834886,0.0,8.563747575574725,6.418616764228051,1.2664618444408076,0.08785993514285745,-0.32781578653103166,0.0,443.11972950829585,443.10415388906057,443.25393367258124,443.4930640906769
4.020000000000002,8.928238391102399,9.480524419590813,20.27784596700453,0.38920869311820017,5.490661184174069,0.0,8.98364213697915,6.550393249935727,1.1115655401137432,0.046361833539121496,-0.3440057417049828,0.0,481.77094336019377,480.4400376443341,483.55567793579905,480.4222999735953
4.080000000000001,9.476950345611312,9.876263494276971,20.336921612398758,0.3929554079403941,5.469938570867461,0.0,9.306588223736307,6.640033589268384,0.8560551889609869,0.08325741108015797,-0.34826162592321575,0.0,441.85300252970256,441.37824272183093,440.70034974381895,443.74326302667157
4.14,10.045680089199056,10.277454929621156,20.38093698162174,0.39792564189148383,5.449602489357147,0.0,9.650650849670198,6.732114988660276,0.6092894094495722,0.08198390973202092,-0.3248818926148927,0.0,450.4156421417566,452.18627638789485,452.2024993264989,452.105312056973
4.199999999999998,10.633244894158146,10.68339077648273,20.40836109949622,0.40337060676043546,5.429792856964655,0.0,9.934603148719827,6.798390997743155,0.30366380332314036,0.1041686028417921,-0.3436025953397,0.0,428.2124760167749,426.498749598981,426.1275801356422,428.0276896322644
4.259999999999997,11.239311922763259,11.093680647697752,20.418409896761542,0.4093536281005221,5.409526267681414,0.0,10.267014871742719,6.877064573844767,0.029545999789411914,0.0888720759460072,-0.32814549334515836,0.0,449.0719165929173,450.20845654398136,448.29057856029686,447.0537511590187
4.319999999999996,11.864788478259802,11.508378434706032,20.411361028663332,0.41454011546217195,5.390367670553772,0.0,10.58156253357871,6.945344365357117,-0.2659760688517586,0.08107743999792885,-0.30582998192324323,0.0,442.6263078535279,444.3545229197935,443.1657956827149,442.5305226470742
4.379999999999995,12.508287379899313,11.92677120403025,20.385772816256683,0.41928672823972235,5.372269917148067,0.0,10.86781377194551,7.000317220957225,-0.5880714409637527,0.07485572924067667,-0.29434657092012106,0.0,432.74892084680636,433.6195011571345,433.9419936436132,433.42431889160815
4.439999999999993,13.172199973823238,12.349364619847115,20.34300821598517,0.4238776365964618,5.354781786590825,0.0,11.261167926798194,7.084986916769878,-0.839419302480117,0.07964124917196443,-0.28627042158700905,0.0,476.352878205771,476.89024606666175,477.2605621623217,477.63000340767877
4.499999999999992,13.855804222990823,12.775702402651499,20.282318313754743,0.4286393496231762,5.337664364294227,0.0,11.524976376606086,7.125556118922771,-1.1844367229954837,0.07879756957701872,-0.28340346358712565,0.0,431.1588152870167,431.31581036501,430.1500338435842,430.0838168958018
4.559999999999991,14.5545375394674,13.204161392209068,20.200391307169347,0.43305372633376216,5.320708220549756,0.0,11.76554414752819,7.155745280833036,-1.5471158722875828,0.06027002339739757,-0.2810502267831909,0.0,423.3085056328632,423.42577429431077,423.68022574853626,422.0878284582421
4.6199999999999894,15.272714623466488,13.63578684723263,20.09979861161744,0.4365522694959676,5.304005056633773,0.0,12.171751692268074,7.2304904816875615,-1.8079632635998593,0.05406834614857016,-0.27353975936401903,0.0,487.92707008766985,488.41682220339624,486.5600083634084,486.097313228571
4.679999999999988,16.011908105632127,14.070803228635384,19.98137354898774,0.4396860876607924,5.287807189446301,0.0,12.466821733769917,7.26913883179737,-2.1405759568952774,0.04827606507019766,-0.26364502315495786,0.0,451.5008786992322,452.22652376858883,451.97674679680046,451.51114815758734
4.739999999999987,16.770527658873803,14.508495296473432,19.843938478895414,0.44243740573309775,5.271874885739248,0.0,12.818699772704354,7.319468453838731,-2.44204740840469,0.04051319719646421,-0.2696128863061411,0.0,475.5775276142927,475.0538230702875,475.9032700855611,475.3094846858531
4.799999999999986,17.546450198159132,14.948059772722424,19.68618951800148,0.44470837067921565,5.25575403666309,0.0,13.044539252850383,7.3319459914444245,-2.81673225335995,0.03190587697723447,-0.26688298435047203,0.0,433.69069649169256,433.8452645138503,433.9803444405048,433.25756928947055
4.859999999999984,18.336435562870108,15.38840145552664,19.50623817640727,0.4464560299567868,5.239316908873208,0.0,13.287221326757095,7.345289560007299,-3.182256338922633,0.02289567480955039,-0.2943205504715724,0.0,442.8739171487112,440.53221321286406,443.1697825194609,442.4283825516901
4.919999999999983,19.139367052477688,15.829025879915866,19.30350149178599,0.44782512061355106,5.221838402883625,0.0,13.476428647473913,7.341482394021487,-3.5759478571010908,0.022662749000086732,-0.285890533573028,0.0,425.4961438849574,426.12731958164187,423.9933608288265,423.97339815414955
4.979999999999982,19.953930218182407,16.269383562616987,19.077299365554275,0.4491602555418597,5.204605199300378,0.0,13.674760666619138,7.3363665057216565,-3.964495150466383,0.02141843607282926,-0.29001400159622626,0.0,431.04661666637907,430.61115105133496,429.8297623913167,429.7242710815509
5.0399999999999805,20.78314610986217,16.709964712007626,18.829120748042975,0.45034735954007576,5.187677255417462,0.0,13.963908009824518,7.348606590281119,-4.309176955156911,0.016300310131262583,-0.26980526311873604,0.0,464.9207136511952,466.4250471827918,464.8745290988106,464.4730286574416
